1723
2394
 1 2 1416 0 
 1 2 1174 1 
 1 2 1106 2 
 1 2 1083 3 
 1 2 598 4 
 1 2 1504 5 
 1 2 528 6 
 1 2 8 7 
 1 2 90 8 
 1 2 10 9 
 1 2 484 10 
 1 2 13 11 
 1 2 13 12 
 1 2 284 13 
 1 2 597 14 
 1 2 1641 15 
 1 2 1641 16 
 1 2 1648 17 
 1 2 20 18 
 1 2 20 19 
 1 2 596 20 
 1 2 1581 21 
 1 2 1581 22 
 1 2 1568 23 
 1 2 595 24 
 1 2 26 25 
 1 2 27 26 
 1 2 594 27 
 1 2 593 28 
 1 2 31 29 
 1 2 31 30 
 1 2 592 31 
 1 2 33 32 
 1 2 591 33 
 1 2 590 34 
 1 2 1173 35 
 1 2 1153 36 
 1 2 488 37 
 1 2 1410 38 
 1 2 521 39 
 1 2 1172 40 
 1 2 42 41 
 1 2 589 42 
 1 2 588 43 
 1 2 588 44 
 1 2 46 45 
 1 2 1121 46 
 1 2 587 47 
 1 2 1681 48 
 1 2 586 49 
 1 2 1650 50 
 1 2 1624 51 
 1 2 1521 52 
 1 2 585 53 
 1 2 584 54 
 1 2 58 55 
 1 2 1658 56 
 1 2 58 57 
 1 2 967 58 
 1 2 1722 59 
 1 2 1605 60 
 1 2 1605 61 
 1 2 1605 62 
 1 2 1605 63 
 1 2 507 64 
 1 2 1171 65 
 1 2 1491 66 
 1 2 1591 67 
 1 2 69 68 
 1 2 70 69 
 1 2 1508 70 
 1 2 72 71 
 1 2 486 72 
 1 2 1168 73 
 1 2 1097 74 
 1 2 1167 75 
 1 2 1459 76 
 1 2 583 77 
 1 2 1627 78 
 1 2 1627 79 
 1 2 1627 80 
 1 2 1166 81 
 1 2 1091 82 
 1 2 1091 83 
 1 2 85 84 
 1 2 1091 85 
 1 2 1143 86 
 1 2 88 87 
 1 2 89 88 
 1 2 90 89 
 1 2 706 90 
 1 2 1540 91 
 1 2 582 92 
 1 2 1642 93 
 1 2 1161 94 
 1 2 96 95 
 1 2 481 96 
 1 2 1642 97 
 1 2 1565 98 
 1 2 579 99 
 1 2 581 100 
 1 2 1455 101 
 1 2 1539 102 
 1 2 1165 103 
 1 2 578 104 
 1 2 1163 105 
 1 2 577 106 
 1 2 577 107 
 1 2 111 108 
 1 2 111 109 
 1 2 111 110 
 1 2 112 111 
 1 2 1376 112 
 1 2 188 113 
 1 2 1540 114 
 1 2 1128 115 
 1 2 1448 116 
 1 2 1448 117 
 1 2 1448 118 
 1 2 1448 119 
 1 2 1448 120 
 1 2 122 121 
 1 2 1448 122 
 1 2 1162 123 
 1 2 125 124 
 1 2 1584 125 
 1 2 576 126 
 1 2 575 127 
 1 2 572 128 
 1 2 571 129 
 1 2 748 130 
 1 2 748 131 
 1 2 237 132 
 1 2 570 133 
 1 2 569 134 
 1 2 569 135 
 1 2 569 136 
 1 2 1161 137 
 1 2 1533 138 
 1 2 1637 139 
 1 2 1637 140 
 1 2 1637 141 
 1 2 1637 142 
 1 2 1665 143 
 1 2 1665 144 
 1 2 1665 145 
 1 2 566 146 
 1 2 565 147 
 1 2 149 148 
 1 2 1397 149 
 1 2 151 150 
 1 2 548 151 
 1 2 1160 152 
 1 2 564 153 
 1 2 1652 154 
 1 2 1480 155 
 1 2 1480 156 
 1 2 1480 157 
 1 2 1480 158 
 1 2 1480 159 
 1 2 563 160 
 1 2 1159 161 
 1 2 1159 162 
 1 2 1159 163 
 1 2 1689 164 
 1 2 1689 165 
 1 2 1689 166 
 1 2 168 167 
 1 2 561 168 
 1 2 170 169 
 1 2 1158 170 
 1 2 172 171 
 1 2 173 172 
 1 2 1679 173 
 1 2 1620 173 
 1 2 1464 173 
 1 2 1308 173 
 1 2 1277 173 
 1 2 559 174 
 1 2 550 175 
 1 2 1439 176 
 1 2 1092 177 
 1 2 557 178 
 1 2 1540 179 
 1 2 553 180 
 1 2 553 181 
 1 2 769 182 
 1 2 556 183 
 1 2 556 184 
 1 2 1682 185 
 1 2 187 186 
 1 2 188 187 
 1 2 1574 188 
 1 2 190 189 
 1 2 1489 190 
 1 2 554 191 
 1 2 553 192 
 1 2 552 193 
 1 2 1697 194 
 1 2 551 195 
 1 2 1157 196 
 1 2 1157 197 
 1 2 549 198 
 1 2 200 199 
 1 2 547 200 
 1 2 203 201 
 1 2 203 202 
 1 2 546 203 
 1 2 463 204 
 1 2 1599 205 
 1 2 545 206 
 1 2 544 207 
 1 2 1638 208 
 1 2 543 209 
 1 2 542 210 
 1 2 1155 211 
 1 2 539 212 
 1 2 214 213 
 1 2 1619 214 
 1 2 538 215 
 1 2 463 216 
 1 2 218 217 
 1 2 219 218 
 1 2 352 219 
 1 2 1153 220 
 1 2 1154 221 
 1 2 1067 222 
 1 2 224 223 
 1 2 225 224 
 1 2 226 225 
 1 2 227 226 
 1 2 535 227 
 1 2 1085 228 
 1 2 230 229 
 1 2 534 230 
 1 2 533 231 
 1 2 233 232 
 1 2 530 233 
 1 2 1655 234 
 1 2 1655 235 
 1 2 237 236 
 1 2 748 237 
 1 2 526 238 
 1 2 525 239 
 1 2 1153 240 
 1 2 1095 241 
 1 2 1095 242 
 1 2 524 243 
 1 2 524 244 
 1 2 523 245 
 1 2 248 246 
 1 2 248 247 
 1 2 491 248 
 1 2 522 249 
 1 2 522 250 
 1 2 253 251 
 1 2 253 252 
 1 2 1453 253 
 1 2 520 254 
 1 2 257 255 
 1 2 257 256 
 1 2 1152 257 
 1 2 1447 258 
 1 2 1447 259 
 1 2 1105 260 
 1 2 560 261 
 1 2 560 262 
 1 2 264 263 
 1 2 519 264 
 1 2 266 265 
 1 2 518 266 
 1 2 268 267 
 1 2 1151 268 
 1 2 270 269 
 1 2 1151 270 
 1 2 516 271 
 1 2 515 272 
 1 2 514 273 
 1 2 1150 274 
 1 2 276 275 
 1 2 277 276 
 1 2 1495 277 
 1 2 512 278 
 1 2 1646 279 
 1 2 1646 280 
 1 2 511 281 
 1 2 284 282 
 1 2 284 283 
 1 2 285 284 
 1 2 1376 285 
 1 2 510 286 
 1 2 508 287 
 1 2 506 288 
 1 2 506 289 
 1 2 505 290 
 1 2 503 291 
 1 2 502 292 
 1 2 1510 293 
 1 2 501 294 
 1 2 1012 295 
 1 2 297 296 
 1 2 1012 297 
 1 2 499 298 
 1 2 300 299 
 1 2 301 300 
 1 2 302 301 
 1 2 498 302 
 1 2 1355 303 
 1 2 1355 304 
 1 2 496 305 
 1 2 495 306 
 1 2 494 307 
 1 2 493 308 
 1 2 1149 309 
 1 2 492 310 
 1 2 1700 311 
 1 2 1149 312 
 1 2 1107 313 
 1 2 1148 314 
 1 2 1147 315 
 1 2 1147 316 
 1 2 491 317 
 1 2 491 318 
 1 2 321 319 
 1 2 321 320 
 1 2 489 321 
 1 2 487 322 
 1 2 1146 323 
 1 2 486 324 
 1 2 485 325 
 1 2 484 326 
 1 2 1145 327 
 1 2 483 328 
 1 2 483 329 
 1 2 483 330 
 1 2 482 331 
 1 2 482 332 
 1 2 481 333 
 1 2 1099 334 
 1 2 1099 335 
 1 2 1099 336 
 1 2 1099 337 
 1 2 1099 338 
 1 2 1686 339 
 1 2 1144 340 
 1 2 342 341 
 1 2 1697 342 
 1 2 1659 343 
 1 2 1659 344 
 1 2 1659 345 
 1 2 347 346 
 1 2 1659 347 
 1 2 1702 348 
 1 2 480 349 
 1 2 1565 350 
 1 2 352 351 
 1 2 353 352 
 1 2 1143 353 
 1 2 1612 354 
 1 2 1612 355 
 1 2 1415 356 
 1 2 1415 357 
 1 2 1658 358 
 1 2 1458 359 
 1 2 479 360 
 1 2 1457 361 
 1 2 1142 362 
 1 2 1142 363 
 1 2 478 364 
 1 2 1384 365 
 1 2 368 366 
 1 2 368 367 
 1 2 369 368 
 1 2 477 369 
 1 2 1709 370 
 1 2 1709 371 
 1 2 476 372 
 1 2 476 373 
 1 2 497 374 
 1 2 475 375 
 1 2 1540 376 
 1 2 1425 377 
 1 2 1421 378 
 1 2 474 379 
 1 2 1141 380 
 1 2 1141 381 
 1 2 1141 382 
 1 2 1141 383 
 1 2 473 384 
 1 2 1595 385 
 1 2 1140 386 
 1 2 1140 387 
 1 2 1139 388 
 1 2 1567 389 
 1 2 1567 390 
 1 2 1138 391 
 1 2 393 392 
 1 2 472 393 
 1 2 395 394 
 1 2 1438 395 
 1 2 1170 396 
 1 2 398 397 
 1 2 1659 398 
 1 2 400 399 
 1 2 1659 400 
 1 2 1450 401 
 1 2 1137 402 
 1 2 471 403 
 1 2 406 404 
 1 2 406 405 
 1 2 433 406 
 1 2 470 407 
 1 2 470 408 
 1 2 469 409 
 1 2 527 410 
 1 2 412 411 
 1 2 1136 412 
 1 2 1135 413 
 1 2 468 414 
 1 2 1450 415 
 1 2 1090 416 
 1 2 467 417 
 1 2 513 418 
 1 2 1134 419 
 1 2 1688 420 
 1 2 1688 421 
 1 2 466 422 
 1 2 1093 423 
 1 2 465 424 
 1 2 465 425 
 1 2 1357 426 
 1 2 428 427 
 1 2 464 428 
 1 2 463 429 
 1 2 1133 430 
 1 2 728 431 
 1 2 433 432 
 1 2 1252 433 
 1 2 1540 434 
 1 2 462 435 
 1 2 437 436 
 1 2 1531 437 
 1 2 1495 438 
 1 2 1132 439 
 1 2 1132 440 
 1 2 1131 441 
 1 2 1534 442 
 1 2 1534 443 
 1 2 1130 444 
 1 2 1130 445 
 1 2 1129 446 
 1 2 448 447 
 1 2 1703 448 
 1 2 1593 449 
 1 2 1593 450 
 1 2 1128 451 
 1 2 1500 452 
 1 2 461 453 
 1 2 461 454 
 1 2 457 455 
 1 2 457 456 
 1 2 460 457 
 1 2 459 458 
 1 2 1534 459 
 1 2 1124 459 
 1 2 1633 460 
 1 2 618 460 
 1 2 1598 461 
 1 2 1596 461 
 1 2 1581 462 
 1 2 612 462 
 1 2 1563 463 
 1 2 1129 463 
 1 2 1654 464 
 1 2 1132 464 
 1 2 1529 465 
 1 2 692 465 
 1 2 1372 466 
 1 2 478 466 
 1 2 1362 467 
 1 2 1332 467 
 1 2 1652 468 
 1 2 1536 468 
 1 2 1540 469 
 1 2 1512 469 
 1 2 1117 470 
 1 2 637 470 
 1 2 1524 471 
 1 2 1259 471 
 1 2 1642 472 
 1 2 581 472 
 1 2 1663 473 
 1 2 831 473 
 1 2 1452 474 
 1 2 552 474 
 1 2 1565 475 
 1 2 1251 475 
 1 2 1709 476 
 1 2 1569 476 
 1 2 1585 477 
 1 2 1411 477 
 1 2 1282 478 
 1 2 1674 479 
 1 2 1339 479 
 1 2 562 480 
 1 2 561 480 
 1 2 509 481 
 1 2 508 481 
 1 2 1580 482 
 1 2 1127 482 
 1 2 641 483 
 1 2 524 483 
 1 2 1642 484 
 1 2 1211 484 
 1 2 525 485 
 1 2 523 485 
 1 2 1114 486 
 1 2 667 486 
 1 2 1452 487 
 1 2 488 487 
 1 2 1452 488 
 1 2 879 489 
 1 2 490 489 
 1 2 879 490 
 1 2 1693 491 
 1 2 1447 491 
 1 2 1700 492 
 1 2 1466 492 
 1 2 1687 493 
 1 2 934 493 
 1 2 1139 494 
 1 2 495 494 
 1 2 1531 495 
 1 2 1682 496 
 1 2 497 496 
 1 2 1682 497 
 1 2 1126 497 
 1 2 897 498 
 1 2 887 498 
 1 2 640 499 
 1 2 500 499 
 1 2 1448 500 
 1 2 640 500 
 1 2 1696 501 
 1 2 1564 501 
 1 2 1445 502 
 1 2 851 502 
 1 2 871 503 
 1 2 504 503 
 1 2 871 504 
 1 2 591 504 
 1 2 1472 505 
 1 2 920 505 
 1 2 537 506 
 1 2 507 506 
 1 2 537 507 
 1 2 1492 508 
 1 2 1492 509 
 1 2 1461 509 
 1 2 1408 510 
 1 2 901 510 
 1 2 1489 511 
 1 2 1487 511 
 1 2 1706 512 
 1 2 513 512 
 1 2 1707 513 
 1 2 1564 513 
 1 2 1253 513 
 1 2 1245 513 
 1 2 1244 513 
 1 2 565 513 
 1 2 1666 514 
 1 2 515 514 
 1 2 1183 515 
 1 2 1421 516 
 1 2 517 516 
 1 2 1421 517 
 1 2 1125 517 
 1 2 1341 518 
 1 2 594 518 
 1 2 1498 519 
 1 2 805 519 
 1 2 1252 520 
 1 2 521 520 
 1 2 1252 521 
 1 2 1322 522 
 1 2 1320 522 
 1 2 1667 523 
 1 2 1095 524 
 1 2 1473 525 
 1 2 528 526 
 1 2 527 526 
 1 2 1578 527 
 1 2 528 527 
 1 2 1578 528 
 1 2 529 528 
 1 2 1578 529 
 1 2 1455 529 
 1 2 871 530 
 1 2 531 530 
 1 2 871 531 
 1 2 532 531 
 1 2 871 532 
 1 2 870 532 
 1 2 1491 533 
 1 2 856 533 
 1 2 1534 534 
 1 2 1124 534 
 1 2 537 535 
 1 2 536 535 
 1 2 537 536 
 1 2 1487 537 
 1 2 598 537 
 1 2 1577 538 
 1 2 1451 538 
 1 2 541 539 
 1 2 540 539 
 1 2 1485 540 
 1 2 541 540 
 1 2 1481 541 
 1 2 1379 542 
 1 2 1048 542 
 1 2 1652 543 
 1 2 643 543 
 1 2 1599 544 
 1 2 545 544 
 1 2 1436 545 
 1 2 1647 546 
 1 2 1629 546 
 1 2 1348 547 
 1 2 548 547 
 1 2 1348 548 
 1 2 1123 549 
 1 2 550 549 
 1 2 1123 550 
 1 2 1697 551 
 1 2 1342 551 
 1 2 1033 552 
 1 2 1451 553 
 1 2 1067 553 
 1 2 1122 554 
 1 2 555 554 
 1 2 1122 555 
 1 2 1585 556 
 1 2 1552 556 
 1 2 1092 557 
 1 2 558 557 
 1 2 1092 558 
 1 2 1121 559 
 1 2 560 559 
 1 2 1121 560 
 1 2 582 560 
 1 2 1491 561 
 1 2 1491 562 
 1 2 1093 562 
 1 2 1693 563 
 1 2 1446 563 
 1 2 1047 564 
 1 2 624 564 
 1 2 1120 565 
 1 2 568 566 
 1 2 567 566 
 1 2 568 567 
 1 2 1699 568 
 1 2 1588 569 
 1 2 1227 569 
 1 2 1109 570 
 1 2 755 570 
 1 2 573 571 
 1 2 572 571 
 1 2 573 572 
 1 2 574 573 
 1 2 1397 574 
 1 2 1137 574 
 1 2 1588 575 
 1 2 1119 575 
 1 2 1641 576 
 1 2 1584 576 
 1 2 1101 577 
 1 2 879 577 
 1 2 1489 578 
 1 2 1118 578 
 1 2 581 579 
 1 2 580 579 
 1 2 1378 580 
 1 2 581 580 
 1 2 785 582 
 1 2 1238 583 
 1 2 1221 583 
 1 2 1239 584 
 1 2 967 584 
 1 2 1239 585 
 1 2 967 585 
 1 2 1112 586 
 1 2 1111 586 
 1 2 1356 587 
 1 2 1129 587 
 1 2 1200 588 
 1 2 795 588 
 1 2 1624 589 
 1 2 829 589 
 1 2 687 590 
 1 2 641 590 
 1 2 872 591 
 1 2 872 592 
 1 2 753 592 
 1 2 1535 593 
 1 2 1237 593 
 1 2 664 594 
 1 2 1535 595 
 1 2 1237 595 
 1 2 1507 596 
 1 2 1397 596 
 1 2 1490 597 
 1 2 1402 597 
 1 2 1054 598 
 1 2 922 599 
 1 2 602 599 
 1 2 1538 600 
 1 2 1370 600 
 1 2 1324 601 
 1 2 602 601 
 1 2 1691 603 
 1 2 1496 603 
 1 2 1692 604 
 1 2 1511 604 
 1 2 1692 605 
 1 2 1176 605 
 1 2 1686 606 
 1 2 722 606 
 1 2 1524 607 
 1 2 1173 607 
 1 2 1613 608 
 1 2 1275 608 
 1 2 1610 609 
 1 2 1059 609 
 1 2 1664 610 
 1 2 1239 610 
 1 2 1403 611 
 1 2 815 611 
 1 2 1258 612 
 1 2 1158 613 
 1 2 614 613 
 1 2 908 614 
 1 2 1495 615 
 1 2 1452 615 
 1 2 1500 616 
 1 2 1412 616 
 1 2 1504 617 
 1 2 1457 617 
 1 2 1256 618 
 1 2 1283 619 
 1 2 906 619 
 1 2 1485 620 
 1 2 1483 620 
 1 2 1037 621 
 1 2 900 621 
 1 2 1236 622 
 1 2 1235 622 
 1 2 1576 623 
 1 2 821 623 
 1 2 1490 624 
 1 2 1453 625 
 1 2 626 625 
 1 2 1616 626 
 1 2 1074 627 
 1 2 1028 627 
 1 2 1063 628 
 1 2 1004 628 
 1 2 1544 629 
 1 2 917 629 
 1 2 1648 630 
 1 2 677 630 
 1 2 1435 631 
 1 2 990 631 
 1 2 1183 632 
 1 2 799 632 
 1 2 1266 633 
 1 2 1087 633 
 1 2 1367 634 
 1 2 1156 634 
 1 2 1206 635 
 1 2 1187 635 
 1 2 912 636 
 1 2 759 636 
 1 2 1062 637 
 1 2 1284 638 
 1 2 972 638 
 1 2 1496 639 
 1 2 640 639 
 1 2 1496 640 
 1 2 1509 642 
 1 2 1190 642 
 1 2 1501 643 
 1 2 1210 644 
 1 2 773 644 
 1 2 1391 645 
 1 2 646 645 
 1 2 1632 646 
 1 2 709 647 
 1 2 694 647 
 1 2 1532 648 
 1 2 1040 648 
 1 2 1443 649 
 1 2 1089 649 
 1 2 1515 650 
 1 2 1222 650 
 1 2 1704 651 
 1 2 1196 651 
 1 2 1445 652 
 1 2 1117 652 
 1 2 1627 653 
 1 2 654 653 
 1 2 689 654 
 1 2 1656 655 
 1 2 994 655 
 1 2 1252 656 
 1 2 1086 656 
 1 2 1638 657 
 1 2 1633 657 
 1 2 1096 658 
 1 2 965 658 
 1 2 1701 659 
 1 2 1096 659 
 1 2 1701 660 
 1 2 1548 660 
 1 2 1699 661 
 1 2 662 661 
 1 2 1699 662 
 1 2 1116 663 
 1 2 1115 663 
 1 2 1646 664 
 1 2 1576 665 
 1 2 1455 665 
 1 2 1114 666 
 1 2 667 666 
 1 2 1508 667 
 1 2 1397 668 
 1 2 1114 668 
 1 2 1508 669 
 1 2 674 669 
 1 2 1508 670 
 1 2 674 670 
 1 2 1507 671 
 1 2 674 671 
 1 2 1648 672 
 1 2 1507 672 
 1 2 1507 673 
 1 2 674 673 
 1 2 1112 675 
 1 2 1111 675 
 1 2 1648 676 
 1 2 1203 676 
 1 2 1297 677 
 1 2 729 678 
 1 2 728 678 
 1 2 1521 679 
 1 2 1142 679 
 1 2 1717 680 
 1 2 1104 680 
 1 2 1106 681 
 1 2 732 681 
 1 2 1677 682 
 1 2 1620 682 
 1 2 1412 683 
 1 2 1146 683 
 1 2 1721 684 
 1 2 1461 684 
 1 2 1558 685 
 1 2 944 685 
 1 2 1095 686 
 1 2 687 686 
 1 2 1236 687 
 1 2 1621 688 
 1 2 1162 688 
 1 2 1226 689 
 1 2 1722 690 
 1 2 1463 690 
 1 2 1693 691 
 1 2 759 691 
 1 2 1624 692 
 1 2 1432 693 
 1 2 910 693 
 1 2 1024 694 
 1 2 1388 695 
 1 2 1091 695 
 1 2 1368 696 
 1 2 1216 696 
 1 2 1488 697 
 1 2 1085 697 
 1 2 1557 698 
 1 2 1168 698 
 1 2 1440 699 
 1 2 700 699 
 1 2 1440 700 
 1 2 1654 701 
 1 2 1457 701 
 1 2 1627 702 
 1 2 1152 702 
 1 2 1619 703 
 1 2 1428 703 
 1 2 1661 704 
 1 2 1605 704 
 1 2 1087 705 
 1 2 706 705 
 1 2 1379 706 
 1 2 1087 706 
 1 2 1615 707 
 1 2 1093 707 
 1 2 1237 708 
 1 2 715 708 
 1 2 887 709 
 1 2 1435 710 
 1 2 881 710 
 1 2 1697 711 
 1 2 841 711 
 1 2 1561 712 
 1 2 1161 712 
 1 2 1565 713 
 1 2 1260 713 
 1 2 1237 714 
 1 2 715 714 
 1 2 1237 715 
 1 2 777 715 
 1 2 1509 716 
 1 2 1397 716 
 1 2 1241 717 
 1 2 788 717 
 1 2 1444 718 
 1 2 1089 718 
 1 2 1048 719 
 1 2 720 719 
 1 2 1047 720 
 1 2 1545 721 
 1 2 1398 721 
 1 2 1106 722 
 1 2 1694 723 
 1 2 891 723 
 1 2 1632 724 
 1 2 1130 724 
 1 2 1534 725 
 1 2 968 725 
 1 2 728 726 
 1 2 727 726 
 1 2 729 727 
 1 2 728 727 
 1 2 729 728 
 1 2 1347 729 
 1 2 1056 729 
 1 2 1210 730 
 1 2 782 730 
 1 2 1449 731 
 1 2 1082 731 
 1 2 765 732 
 1 2 1687 733 
 1 2 1385 733 
 1 2 1186 734 
 1 2 735 734 
 1 2 1559 735 
 1 2 1653 736 
 1 2 1031 736 
 1 2 975 737 
 1 2 816 737 
 1 2 1680 738 
 1 2 928 738 
 1 2 1663 739 
 1 2 1635 739 
 1 2 1674 740 
 1 2 1584 740 
 1 2 1590 741 
 1 2 1110 741 
 1 2 1582 742 
 1 2 1248 742 
 1 2 1663 743 
 1 2 1635 743 
 1 2 1324 744 
 1 2 877 744 
 1 2 996 745 
 1 2 791 745 
 1 2 1701 746 
 1 2 1139 746 
 1 2 1691 747 
 1 2 748 747 
 1 2 1691 748 
 1 2 1228 748 
 1 2 1208 749 
 1 2 798 749 
 1 2 1700 750 
 1 2 1447 750 
 1 2 1639 751 
 1 2 935 751 
 1 2 1694 752 
 1 2 995 752 
 1 2 870 753 
 1 2 1109 754 
 1 2 755 754 
 1 2 1555 755 
 1 2 1070 756 
 1 2 1038 756 
 1 2 1478 757 
 1 2 1216 757 
 1 2 1382 758 
 1 2 1086 758 
 1 2 1619 760 
 1 2 1108 760 
 1 2 1628 761 
 1 2 1107 761 
 1 2 1584 762 
 1 2 1255 762 
 1 2 1456 763 
 1 2 1148 763 
 1 2 1106 764 
 1 2 765 764 
 1 2 1681 765 
 1 2 924 766 
 1 2 905 766 
 1 2 1199 767 
 1 2 800 767 
 1 2 1528 768 
 1 2 769 768 
 1 2 1528 769 
 1 2 909 769 
 1 2 1382 770 
 1 2 1086 770 
 1 2 1715 771 
 1 2 1636 771 
 1 2 1460 772 
 1 2 1316 772 
 1 2 1207 773 
 1 2 1695 774 
 1 2 985 774 
 1 2 1417 775 
 1 2 986 775 
 1 2 1266 776 
 1 2 882 776 
 1 2 1235 777 
 1 2 1578 778 
 1 2 1576 778 
 1 2 1492 779 
 1 2 1463 779 
 1 2 1443 780 
 1 2 1089 780 
 1 2 1456 781 
 1 2 1388 781 
 1 2 1632 782 
 1 2 903 783 
 1 2 895 783 
 1 2 1635 784 
 1 2 1199 784 
 1 2 1209 785 
 1 2 1575 786 
 1 2 1188 786 
 1 2 1640 787 
 1 2 1591 787 
 1 2 907 788 
 1 2 1091 789 
 1 2 833 789 
 1 2 1644 790 
 1 2 1593 790 
 1 2 1686 791 
 1 2 1644 792 
 1 2 1105 792 
 1 2 1078 793 
 1 2 1077 793 
 1 2 1309 794 
 1 2 1018 794 
 1 2 1493 795 
 1 2 1329 796 
 1 2 854 796 
 1 2 1696 797 
 1 2 1001 797 
 1 2 1209 798 
 1 2 1422 799 
 1 2 1366 800 
 1 2 1717 801 
 1 2 834 801 
 1 2 1666 802 
 1 2 828 802 
 1 2 1609 803 
 1 2 1591 803 
 1 2 1643 804 
 1 2 1642 804 
 1 2 1424 805 
 1 2 1666 806 
 1 2 1498 806 
 1 2 1694 807 
 1 2 1659 807 
 1 2 1601 808 
 1 2 1315 808 
 1 2 1082 809 
 1 2 1078 809 
 1 2 1611 810 
 1 2 1372 810 
 1 2 1593 811 
 1 2 1102 811 
 1 2 1485 812 
 1 2 1465 812 
 1 2 1343 813 
 1 2 912 813 
 1 2 1550 814 
 1 2 1090 814 
 1 2 1176 815 
 1 2 1283 816 
 1 2 819 817 
 1 2 818 817 
 1 2 1292 818 
 1 2 819 818 
 1 2 1587 819 
 1 2 1669 820 
 1 2 1120 820 
 1 2 1455 821 
 1 2 1555 822 
 1 2 1304 822 
 1 2 1571 823 
 1 2 933 823 
 1 2 1529 824 
 1 2 825 824 
 1 2 1529 825 
 1 2 1007 825 
 1 2 1365 826 
 1 2 1278 826 
 1 2 1638 827 
 1 2 828 827 
 1 2 1427 829 
 1 2 1598 830 
 1 2 1182 830 
 1 2 990 831 
 1 2 1621 832 
 1 2 890 832 
 1 2 998 833 
 1 2 1104 834 
 1 2 1504 835 
 1 2 1289 835 
 1 2 1072 836 
 1 2 837 836 
 1 2 1071 837 
 1 2 1454 838 
 1 2 839 838 
 1 2 845 839 
 1 2 1360 840 
 1 2 980 840 
 1 2 842 841 
 1 2 843 842 
 1 2 1244 843 
 1 2 1238 844 
 1 2 1235 844 
 1 2 846 845 
 1 2 1454 846 
 1 2 1383 846 
 1 2 1665 847 
 1 2 1619 847 
 1 2 1096 848 
 1 2 862 848 
 1 2 1685 849 
 1 2 1505 849 
 1 2 1566 850 
 1 2 1154 850 
 1 2 1444 851 
 1 2 1495 852 
 1 2 884 852 
 1 2 1661 853 
 1 2 919 853 
 1 2 1432 854 
 1 2 1154 855 
 1 2 989 855 
 1 2 1143 856 
 1 2 1628 857 
 1 2 1219 857 
 1 2 1307 858 
 1 2 859 858 
 1 2 1034 859 
 1 2 1636 860 
 1 2 1103 860 
 1 2 1485 861 
 1 2 1060 861 
 1 2 1549 862 
 1 2 1581 863 
 1 2 1433 863 
 1 2 1501 864 
 1 2 866 864 
 1 2 989 865 
 1 2 866 865 
 1 2 1085 867 
 1 2 868 867 
 1 2 1085 868 
 1 2 1054 868 
 1 2 1683 869 
 1 2 1608 869 
 1 2 1065 871 
 1 2 963 872 
 1 2 1697 873 
 1 2 889 873 
 1 2 1102 874 
 1 2 875 874 
 1 2 1102 875 
 1 2 1042 875 
 1 2 1323 876 
 1 2 877 876 
 1 2 1323 877 
 1 2 1101 878 
 1 2 879 878 
 1 2 1471 879 
 1 2 1359 880 
 1 2 891 880 
 1 2 1099 881 
 1 2 1488 882 
 1 2 1495 883 
 1 2 1451 883 
 1 2 1577 884 
 1 2 1671 885 
 1 2 1335 885 
 1 2 1637 886 
 1 2 1100 886 
 1 2 1554 888 
 1 2 1099 888 
 1 2 1659 889 
 1 2 1416 890 
 1 2 1638 892 
 1 2 1554 892 
 1 2 1394 893 
 1 2 1197 893 
 1 2 1195 894 
 1 2 1113 894 
 1 2 968 895 
 1 2 1676 896 
 1 2 1360 896 
 1 2 1540 897 
 1 2 1540 898 
 1 2 1025 898 
 1 2 1451 899 
 1 2 1067 899 
 1 2 1525 900 
 1 2 1158 901 
 1 2 1662 902 
 1 2 903 902 
 1 2 1680 904 
 1 2 1302 904 
 1 2 1194 905 
 1 2 1198 906 
 1 2 1695 907 
 1 2 940 908 
 1 2 1699 909 
 1 2 1692 910 
 1 2 1471 911 
 1 2 1298 911 
 1 2 1691 913 
 1 2 1496 913 
 1 2 1542 914 
 1 2 1144 914 
 1 2 1394 915 
 1 2 1198 915 
 1 2 1304 916 
 1 2 946 916 
 1 2 1503 917 
 1 2 1507 918 
 1 2 1231 918 
 1 2 920 919 
 1 2 1327 921 
 1 2 1300 921 
 1 2 1327 922 
 1 2 1667 923 
 1 2 1554 923 
 1 2 930 924 
 1 2 1530 925 
 1 2 1178 925 
 1 2 1506 926 
 1 2 927 926 
 1 2 937 927 
 1 2 1608 928 
 1 2 1640 929 
 1 2 1016 929 
 1 2 1692 930 
 1 2 1697 931 
 1 2 1453 931 
 1 2 1697 932 
 1 2 1453 932 
 1 2 1501 933 
 1 2 1525 934 
 1 2 1472 935 
 1 2 1212 936 
 1 2 962 936 
 1 2 1212 937 
 1 2 1394 938 
 1 2 979 938 
 1 2 1675 939 
 1 2 940 939 
 1 2 1515 941 
 1 2 1300 941 
 1 2 1638 942 
 1 2 1300 942 
 1 2 1327 943 
 1 2 1032 943 
 1 2 1167 944 
 1 2 1634 945 
 1 2 1558 945 
 1 2 1366 946 
 1 2 1459 947 
 1 2 1006 947 
 1 2 1357 948 
 1 2 1160 948 
 1 2 1420 949 
 1 2 1418 949 
 1 2 1330 950 
 1 2 1222 950 
 1 2 1459 951 
 1 2 952 951 
 1 2 1634 952 
 1 2 1601 953 
 1 2 1315 953 
 1 2 1484 954 
 1 2 963 954 
 1 2 1637 955 
 1 2 1021 955 
 1 2 1550 956 
 1 2 1449 956 
 1 2 1382 957 
 1 2 1035 957 
 1 2 1078 958 
 1 2 1077 958 
 1 2 1669 959 
 1 2 961 959 
 1 2 1098 960 
 1 2 961 960 
 1 2 1098 961 
 1 2 1390 962 
 1 2 1577 964 
 1 2 1097 964 
 1 2 1701 965 
 1 2 1095 966 
 1 2 967 966 
 1 2 1095 967 
 1 2 1394 969 
 1 2 975 969 
 1 2 1504 970 
 1 2 1016 970 
 1 2 1315 971 
 1 2 1314 971 
 1 2 1633 972 
 1 2 1425 973 
 1 2 1422 973 
 1 2 1616 974 
 1 2 1120 974 
 1 2 1438 976 
 1 2 1094 976 
 1 2 1311 977 
 1 2 1043 977 
 1 2 1615 978 
 1 2 1093 978 
 1 2 1504 979 
 1 2 1352 980 
 1 2 1656 981 
 1 2 1516 981 
 1 2 1656 982 
 1 2 1516 982 
 1 2 1443 983 
 1 2 1088 983 
 1 2 1691 984 
 1 2 1496 984 
 1 2 1390 985 
 1 2 991 986 
 1 2 1318 987 
 1 2 1317 987 
 1 2 1384 988 
 1 2 1246 988 
 1 2 1130 991 
 1 2 1577 992 
 1 2 1092 992 
 1 2 1516 993 
 1 2 994 993 
 1 2 1516 994 
 1 2 1372 995 
 1 2 1247 996 
 1 2 1659 997 
 1 2 1640 997 
 1 2 1388 998 
 1 2 1366 999 
 1 2 1103 999 
 1 2 1496 1000 
 1 2 1090 1000 
 1 2 1611 1001 
 1 2 1449 1002 
 1 2 1084 1002 
 1 2 1653 1003 
 1 2 1144 1003 
 1 2 1330 1004 
 1 2 1642 1005 
 1 2 1460 1005 
 1 2 1631 1006 
 1 2 1591 1007 
 1 2 1549 1008 
 1 2 1009 1008 
 1 2 1549 1009 
 1 2 1545 1009 
 1 2 1573 1010 
 1 2 1523 1010 
 1 2 1088 1011 
 1 2 1012 1011 
 1 2 1444 1012 
 1 2 1088 1012 
 1 2 1676 1013 
 1 2 1246 1013 
 1 2 1430 1014 
 1 2 1115 1014 
 1 2 1356 1015 
 1 2 1331 1015 
 1 2 1636 1017 
 1 2 1635 1017 
 1 2 1135 1018 
 1 2 1651 1019 
 1 2 1410 1019 
 1 2 1284 1020 
 1 2 1051 1020 
 1 2 1109 1021 
 1 2 1549 1022 
 1 2 1333 1022 
 1 2 1025 1023 
 1 2 1024 1023 
 1 2 1025 1024 
 1 2 1488 1026 
 1 2 1087 1026 
 1 2 1618 1027 
 1 2 1294 1027 
 1 2 1336 1028 
 1 2 1688 1029 
 1 2 1247 1029 
 1 2 1505 1030 
 1 2 1301 1030 
 1 2 1403 1031 
 1 2 1637 1032 
 1 2 1495 1033 
 1 2 1699 1034 
 1 2 1086 1035 
 1 2 1699 1036 
 1 2 1249 1036 
 1 2 1689 1037 
 1 2 1506 1038 
 1 2 1535 1039 
 1 2 1124 1039 
 1 2 1124 1040 
 1 2 1516 1041 
 1 2 1316 1041 
 1 2 1614 1042 
 1 2 1463 1043 
 1 2 1615 1044 
 1 2 1262 1044 
 1 2 1047 1045 
 1 2 1046 1045 
 1 2 1048 1046 
 1 2 1379 1048 
 1 2 1684 1049 
 1 2 1157 1049 
 1 2 1225 1050 
 1 2 1223 1050 
 1 2 1635 1051 
 1 2 1483 1052 
 1 2 1481 1052 
 1 2 1482 1053 
 1 2 1430 1053 
 1 2 1348 1055 
 1 2 1056 1055 
 1 2 1348 1056 
 1 2 1496 1057 
 1 2 1084 1057 
 1 2 1476 1058 
 1 2 1406 1058 
 1 2 1525 1059 
 1 2 1337 1060 
 1 2 1379 1061 
 1 2 1118 1061 
 1 2 1687 1062 
 1 2 1631 1063 
 1 2 1687 1064 
 1 2 1600 1064 
 1 2 1116 1065 
 1 2 1451 1066 
 1 2 1067 1066 
 1 2 1580 1067 
 1 2 1699 1068 
 1 2 1346 1068 
 1 2 1619 1069 
 1 2 1256 1069 
 1 2 1613 1070 
 1 2 1083 1071 
 1 2 1364 1072 
 1 2 1083 1072 
 1 2 1654 1073 
 1 2 1504 1073 
 1 2 1382 1074 
 1 2 1586 1075 
 1 2 1480 1075 
 1 2 1078 1076 
 1 2 1077 1076 
 1 2 1082 1077 
 1 2 1560 1079 
 1 2 1177 1079 
 1 2 1584 1080 
 1 2 1081 1080 
 1 2 1584 1081 
 1 2 1177 1081 
 1 2 1550 1082 
 1 2 1450 1082 
 1 2 1362 1083 
 1 2 1175 1083 
 1 2 1496 1084 
 1 2 1448 1084 
 1 2 1487 1085 
 1 2 1486 1085 
 1 2 1251 1086 
 1 2 1488 1087 
 1 2 1089 1088 
 1 2 1444 1089 
 1 2 1441 1089 
 1 2 1550 1090 
 1 2 1496 1090 
 1 2 1450 1090 
 1 2 1716 1091 
 1 2 1493 1091 
 1 2 1577 1092 
 1 2 1440 1092 
 1 2 1439 1092 
 1 2 1402 1093 
 1 2 1482 1094 
 1 2 1481 1094 
 1 2 1438 1094 
 1 2 1237 1095 
 1 2 1236 1095 
 1 2 1548 1096 
 1 2 1579 1097 
 1 2 1577 1097 
 1 2 1437 1097 
 1 2 1671 1098 
 1 2 1436 1098 
 1 2 1666 1099 
 1 2 1554 1099 
 1 2 1637 1100 
 1 2 1326 1100 
 1 2 1325 1100 
 1 2 1596 1101 
 1 2 1551 1101 
 1 2 1528 1102 
 1 2 1636 1103 
 1 2 1555 1103 
 1 2 1685 1104 
 1 2 1434 1104 
 1 2 1644 1105 
 1 2 1563 1105 
 1 2 1433 1105 
 1 2 1432 1106 
 1 2 1628 1107 
 1 2 1219 1107 
 1 2 1218 1107 
 1 2 1636 1108 
 1 2 1619 1108 
 1 2 1607 1108 
 1 2 1431 1109 
 1 2 1651 1110 
 1 2 1590 1110 
 1 2 1536 1110 
 1 2 1297 1111 
 1 2 1113 1111 
 1 2 1297 1112 
 1 2 1195 1112 
 1 2 1295 1113 
 1 2 1397 1114 
 1 2 1137 1114 
 1 2 1485 1115 
 1 2 1116 1115 
 1 2 1485 1116 
 1 2 1445 1117 
 1 2 1429 1117 
 1 2 1489 1118 
 1 2 1214 1118 
 1 2 1604 1119 
 1 2 1588 1119 
 1 2 1164 1119 
 1 2 1672 1120 
 1 2 1556 1121 
 1 2 1210 1121 
 1 2 1639 1122 
 1 2 1428 1122 
 1 2 1319 1122 
 1 2 1658 1123 
 1 2 1557 1123 
 1 2 1427 1123 
 1 2 1421 1125 
 1 2 1419 1125 
 1 2 1418 1125 
 1 2 1682 1126 
 1 2 1621 1126 
 1 2 1620 1126 
 1 2 1580 1127 
 1 2 1579 1127 
 1 2 1451 1127 
 1 2 1700 1128 
 1 2 1613 1128 
 1 2 1526 1128 
 1 2 1357 1129 
 1 2 1534 1130 
 1 2 1620 1131 
 1 2 1533 1131 
 1 2 1416 1131 
 1 2 1657 1132 
 1 2 1599 1132 
 1 2 1710 1133 
 1 2 1569 1133 
 1 2 1511 1133 
 1 2 1490 1134 
 1 2 1401 1134 
 1 2 1143 1134 
 1 2 1677 1135 
 1 2 1308 1135 
 1 2 1702 1136 
 1 2 1645 1136 
 1 2 1415 1136 
 1 2 1172 1137 
 1 2 1621 1138 
 1 2 1567 1138 
 1 2 1414 1138 
 1 2 1574 1139 
 1 2 1674 1140 
 1 2 1595 1140 
 1 2 1492 1140 
 1 2 1663 1141 
 1 2 1660 1141 
 1 2 1142 1141 
 1 2 1660 1142 
 1 2 1401 1143 
 1 2 1686 1144 
 1 2 1593 1145 
 1 2 1413 1145 
 1 2 1249 1145 
 1 2 1587 1146 
 1 2 1586 1146 
 1 2 1226 1147 
 1 2 1224 1147 
 1 2 1223 1147 
 1 2 1627 1148 
 1 2 1559 1148 
 1 2 1700 1149 
 1 2 1661 1149 
 1 2 1506 1149 
 1 2 1570 1150 
 1 2 1540 1150 
 1 2 1513 1150 
 1 2 1667 1151 
 1 2 1666 1151 
 1 2 1411 1151 
 1 2 1598 1152 
 1 2 1551 1152 
 1 2 1691 1153 
 1 2 1531 1153 
 1 2 1171 1153 
 1 2 1410 1154 
 1 2 1604 1155 
 1 2 1603 1155 
 1 2 1156 1155 
 1 2 1604 1156 
 1 2 1603 1156 
 1 2 1502 1157 
 1 2 1409 1157 
 1 2 1600 1158 
 1 2 1664 1159 
 1 2 1498 1159 
 1 2 1466 1159 
 1 2 1359 1160 
 1 2 1358 1160 
 1 2 1694 1161 
 1 2 1640 1161 
 1 2 1553 1162 
 1 2 1407 1162 
 1 2 1604 1163 
 1 2 1588 1163 
 1 2 1164 1163 
 1 2 1227 1164 
 1 2 1539 1165 
 1 2 1478 1165 
 1 2 1406 1165 
 1 2 1580 1166 
 1 2 1579 1166 
 1 2 1509 1166 
 1 2 1630 1167 
 1 2 1532 1167 
 1 2 1170 1168 
 1 2 1169 1168 
 1 2 1557 1169 
 1 2 1170 1169 
 1 2 1656 1170 
 1 2 1622 1170 
 1 2 1691 1171 
 1 2 1405 1171 
 1 2 1649 1172 
 1 2 1397 1172 
 1 2 1623 1173 
 1 2 1404 1173 
 1 2 1690 1174 
 1 2 1575 1174 
 1 2 1523 1174 
 1 2 1608 1175 
 1 2 1364 1175 
 1 2 1720 1176 
 1 2 1562 1177 
 1 2 1674 1178 
 1 2 1615 1178 
 1 2 1680 1179 
 1 2 1678 1179 
 1 2 1650 1179 
 1 2 1719 1180 
 1 2 1402 1180 
 1 2 1401 1180 
 1 2 1625 1181 
 1 2 1596 1181 
 1 2 1400 1181 
 1 2 1626 1182 
 1 2 1625 1182 
 1 2 1340 1183 
 1 2 1657 1184 
 1 2 1641 1184 
 1 2 1527 1184 
 1 2 1677 1185 
 1 2 1650 1185 
 1 2 1568 1185 
 1 2 1606 1186 
 1 2 1399 1186 
 1 2 1503 1187 
 1 2 1398 1187 
 1 2 1690 1188 
 1 2 1496 1188 
 1 2 1584 1189 
 1 2 1582 1189 
 1 2 1248 1189 
 1 2 1507 1190 
 1 2 1397 1190 
 1 2 1622 1191 
 1 2 1609 1191 
 1 2 1529 1191 
 1 2 1617 1192 
 1 2 1513 1192 
 1 2 1396 1192 
 1 2 1689 1193 
 1 2 1594 1193 
 1 2 1528 1193 
 1 2 1610 1194 
 1 2 1403 1194 
 1 2 1296 1195 
 1 2 1517 1196 
 1 2 1367 1196 
 1 2 1371 1197 
 1 2 1198 1197 
 1 2 1371 1198 
 1 2 1284 1199 
 1 2 1665 1200 
 1 2 1606 1200 
 1 2 1684 1201 
 1 2 1393 1201 
 1 2 1392 1201 
 1 2 1545 1202 
 1 2 1544 1202 
 1 2 1355 1202 
 1 2 1386 1203 
 1 2 1297 1203 
 1 2 1232 1204 
 1 2 1231 1204 
 1 2 1230 1204 
 1 2 1425 1205 
 1 2 1420 1205 
 1 2 1419 1205 
 1 2 1543 1206 
 1 2 1503 1206 
 1 2 1391 1207 
 1 2 1209 1207 
 1 2 1391 1208 
 1 2 1210 1208 
 1 2 1595 1211 
 1 2 1527 1211 
 1 2 1661 1212 
 1 2 1420 1213 
 1 2 1377 1213 
 1 2 1375 1213 
 1 2 1491 1214 
 1 2 1489 1214 
 1 2 1492 1215 
 1 2 1463 1215 
 1 2 1462 1215 
 1 2 1290 1216 
 1 2 1583 1217 
 1 2 1560 1217 
 1 2 1389 1217 
 1 2 1473 1218 
 1 2 1219 1218 
 1 2 1628 1219 
 1 2 1625 1219 
 1 2 1473 1219 
 1 2 1601 1220 
 1 2 1462 1220 
 1 2 1461 1220 
 1 2 1630 1221 
 1 2 1239 1221 
 1 2 1630 1222 
 1 2 1226 1223 
 1 2 1388 1224 
 1 2 1225 1224 
 1 2 1388 1225 
 1 2 1526 1227 
 1 2 1690 1228 
 1 2 1387 1228 
 1 2 1624 1229 
 1 2 1518 1229 
 1 2 1404 1229 
 1 2 1386 1230 
 1 2 1232 1230 
 1 2 1507 1231 
 1 2 1386 1231 
 1 2 1232 1231 
 1 2 1698 1232 
 1 2 1386 1232 
 1 2 1596 1233 
 1 2 1471 1233 
 1 2 1354 1233 
 1 2 1539 1234 
 1 2 1538 1234 
 1 2 1470 1234 
 1 2 1238 1236 
 1 2 1535 1239 
 1 2 1679 1240 
 1 2 1645 1240 
 1 2 1612 1240 
 1 2 1645 1241 
 1 2 1385 1241 
 1 2 1568 1242 
 1 2 1567 1242 
 1 2 1414 1242 
 1 2 1703 1243 
 1 2 1571 1243 
 1 2 1566 1243 
 1 2 1245 1244 
 1 2 1359 1245 
 1 2 1383 1246 
 1 2 1525 1247 
 1 2 1641 1248 
 1 2 1593 1249 
 1 2 1652 1250 
 1 2 1651 1250 
 1 2 1589 1250 
 1 2 1252 1251 
 1 2 1690 1252 
 1 2 1565 1252 
 1 2 1564 1253 
 1 2 1358 1253 
 1 2 1703 1254 
 1 2 1571 1254 
 1 2 1381 1254 
 1 2 1582 1255 
 1 2 1380 1255 
 1 2 1638 1256 
 1 2 1581 1257 
 1 2 1543 1257 
 1 2 1258 1257 
 1 2 1546 1258 
 1 2 1591 1259 
 1 2 1537 1259 
 1 2 1574 1260 
 1 2 1523 1260 
 1 2 1517 1261 
 1 2 1367 1261 
 1 2 1293 1261 
 1 2 1671 1262 
 1 2 1652 1262 
 1 2 1603 1263 
 1 2 1522 1263 
 1 2 1517 1263 
 1 2 1446 1264 
 1 2 1443 1264 
 1 2 1442 1264 
 1 2 1326 1265 
 1 2 1323 1265 
 1 2 1321 1265 
 1 2 1489 1266 
 1 2 1583 1267 
 1 2 1582 1267 
 1 2 1378 1267 
 1 2 1672 1268 
 1 2 1589 1268 
 1 2 1519 1268 
 1 2 1702 1269 
 1 2 1695 1269 
 1 2 1645 1269 
 1 2 1576 1270 
 1 2 1494 1270 
 1 2 1437 1270 
 1 2 1570 1271 
 1 2 1566 1271 
 1 2 1410 1271 
 1 2 1420 1272 
 1 2 1376 1272 
 1 2 1374 1272 
 1 2 1611 1273 
 1 2 1395 1273 
 1 2 1371 1273 
 1 2 1697 1274 
 1 2 1655 1274 
 1 2 1599 1274 
 1 2 1605 1275 
 1 2 1521 1275 
 1 2 1721 1276 
 1 2 1656 1276 
 1 2 1601 1276 
 1 2 1676 1277 
 1 2 1408 1277 
 1 2 1608 1278 
 1 2 1363 1278 
 1 2 1592 1279 
 1 2 1520 1279 
 1 2 1373 1279 
 1 2 1702 1280 
 1 2 1661 1280 
 1 2 1390 1280 
 1 2 1683 1281 
 1 2 1675 1281 
 1 2 1520 1281 
 1 2 1371 1282 
 1 2 1283 1282 
 1 2 1665 1285 
 1 2 1664 1285 
 1 2 1638 1285 
 1 2 1559 1286 
 1 2 1493 1286 
 1 2 1456 1286 
 1 2 1651 1287 
 1 2 1590 1287 
 1 2 1519 1287 
 1 2 1586 1288 
 1 2 1539 1288 
 1 2 1514 1288 
 1 2 1654 1289 
 1 2 1395 1289 
 1 2 1478 1290 
 1 2 1369 1290 
 1 2 1622 1291 
 1 2 1537 1291 
 1 2 1518 1291 
 1 2 1662 1292 
 1 2 1470 1292 
 1 2 1603 1293 
 1 2 1367 1293 
 1 2 1540 1294 
 1 2 1513 1294 
 1 2 1508 1295 
 1 2 1297 1295 
 1 2 1508 1296 
 1 2 1297 1296 
 1 2 1649 1298 
 1 2 1354 1298 
 1 2 1699 1299 
 1 2 1688 1299 
 1 2 1499 1299 
 1 2 1685 1301 
 1 2 1542 1301 
 1 2 1568 1302 
 1 2 1567 1302 
 1 2 1423 1303 
 1 2 1421 1303 
 1 2 1419 1303 
 1 2 1633 1304 
 1 2 1365 1305 
 1 2 1361 1305 
 1 2 1332 1305 
 1 2 1649 1306 
 1 2 1596 1306 
 1 2 1348 1306 
 1 2 1617 1307 
 1 2 1572 1307 
 1 2 1309 1308 
 1 2 1408 1309 
 1 2 1666 1310 
 1 2 1424 1310 
 1 2 1423 1310 
 1 2 1722 1311 
 1 2 1670 1311 
 1 2 1702 1312 
 1 2 1695 1312 
 1 2 1360 1312 
 1 2 1516 1313 
 1 2 1315 1313 
 1 2 1314 1313 
 1 2 1601 1314 
 1 2 1516 1314 
 1 2 1316 1315 
 1 2 1601 1316 
 1 2 1634 1317 
 1 2 1319 1317 
 1 2 1634 1318 
 1 2 1319 1318 
 1 2 1634 1319 
 1 2 1326 1320 
 1 2 1321 1320 
 1 2 1323 1321 
 1 2 1326 1322 
 1 2 1324 1322 
 1 2 1323 1322 
 1 2 1325 1324 
 1 2 1327 1325 
 1 2 1703 1328 
 1 2 1617 1328 
 1 2 1541 1328 
 1 2 1686 1329 
 1 2 1610 1329 
 1 2 1515 1330 
 1 2 1564 1331 
 1 2 1358 1331 
 1 2 1365 1332 
 1 2 1547 1333 
 1 2 1334 1333 
 1 2 1549 1334 
 1 2 1355 1334 
 1 2 1709 1335 
 1 2 1618 1335 
 1 2 1578 1336 
 1 2 1565 1336 
 1 2 1673 1337 
 1 2 1486 1337 
 1 2 1659 1338 
 1 2 1655 1338 
 1 2 1609 1338 
 1 2 1615 1339 
 1 2 1590 1339 
 1 2 1666 1340 
 1 2 1424 1340 
 1 2 1679 1341 
 1 2 1612 1341 
 1 2 1562 1342 
 1 2 1453 1342 
 1 2 1581 1343 
 1 2 1547 1343 
 1 2 1425 1344 
 1 2 1376 1344 
 1 2 1375 1344 
 1 2 1602 1345 
 1 2 1538 1345 
 1 2 1514 1345 
 1 2 1703 1346 
 1 2 1594 1346 
 1 2 1596 1347 
 1 2 1354 1347 
 1 2 1649 1348 
 1 2 1354 1348 
 1 2 1572 1349 
 1 2 1570 1349 
 1 2 1512 1349 
 1 2 1668 1350 
 1 2 1598 1350 
 1 2 1597 1350 
 1 2 1617 1351 
 1 2 1541 1351 
 1 2 1511 1351 
 1 2 1704 1352 
 1 2 1676 1352 
 1 2 1696 1353 
 1 2 1644 1353 
 1 2 1510 1353 
 1 2 1647 1354 
 1 2 1549 1355 
 1 2 1547 1355 
 1 2 1357 1356 
 1 2 1564 1357 
 1 2 1364 1361 
 1 2 1363 1361 
 1 2 1363 1362 
 1 2 1684 1364 
 1 2 1682 1365 
 1 2 1480 1368 
 1 2 1370 1368 
 1 2 1369 1368 
 1 2 1480 1369 
 1 2 1477 1369 
 1 2 1370 1369 
 1 2 1477 1370 
 1 2 1680 1373 
 1 2 1675 1373 
 1 2 1377 1374 
 1 2 1375 1374 
 1 2 1422 1376 
 1 2 1420 1376 
 1 2 1423 1377 
 1 2 1422 1377 
 1 2 1643 1378 
 1 2 1583 1380 
 1 2 1562 1380 
 1 2 1618 1381 
 1 2 1540 1381 
 1 2 1701 1382 
 1 2 1565 1382 
 1 2 1682 1383 
 1 2 1704 1384 
 1 2 1682 1384 
 1 2 1454 1384 
 1 2 1600 1385 
 1 2 1611 1387 
 1 2 1561 1387 
 1 2 1456 1388 
 1 2 1641 1389 
 1 2 1616 1389 
 1 2 1660 1391 
 1 2 1619 1391 
 1 2 1556 1391 
 1 2 1608 1392 
 1 2 1505 1392 
 1 2 1681 1393 
 1 2 1505 1393 
 1 2 1504 1394 
 1 2 1395 1394 
 1 2 1572 1396 
 1 2 1512 1396 
 1 2 1548 1398 
 1 2 1629 1399 
 1 2 1626 1399 
 1 2 1628 1400 
 1 2 1597 1400 
 1 2 1518 1404 
 1 2 1691 1405 
 1 2 1576 1405 
 1 2 1573 1405 
 1 2 1531 1405 
 1 2 1480 1406 
 1 2 1679 1407 
 1 2 1620 1407 
 1 2 1686 1409 
 1 2 1681 1409 
 1 2 1552 1411 
 1 2 1588 1412 
 1 2 1594 1413 
 1 2 1499 1413 
 1 2 1677 1414 
 1 2 1646 1415 
 1 2 1612 1415 
 1 2 1677 1416 
 1 2 1558 1417 
 1 2 1532 1417 
 1 2 1423 1418 
 1 2 1424 1421 
 1 2 1425 1424 
 1 2 1426 1425 
 1 2 1623 1427 
 1 2 1556 1428 
 1 2 1447 1429 
 1 2 1446 1429 
 1 2 1483 1430 
 1 2 1634 1431 
 1 2 1631 1431 
 1 2 1497 1433 
 1 2 1675 1434 
 1 2 1592 1434 
 1 2 1639 1435 
 1 2 1672 1436 
 1 2 1494 1437 
 1 2 1486 1438 
 1 2 1484 1438 
 1 2 1579 1439 
 1 2 1468 1439 
 1 2 1550 1440 
 1 2 1468 1440 
 1 2 1446 1441 
 1 2 1442 1441 
 1 2 1614 1442 
 1 2 1446 1442 
 1 2 1444 1442 
 1 2 1445 1443 
 1 2 1693 1446 
 1 2 1614 1446 
 1 2 1447 1446 
 1 2 1576 1448 
 1 2 1550 1448 
 1 2 1449 1448 
 1 2 1576 1449 
 1 2 1450 1449 
 1 2 1576 1450 
 1 2 1577 1451 
 1 2 1495 1451 
 1 2 1576 1452 
 1 2 1494 1452 
 1 2 1455 1452 
 1 2 1560 1453 
 1 2 1682 1454 
 1 2 1553 1454 
 1 2 1578 1455 
 1 2 1494 1455 
 1 2 1627 1456 
 1 2 1697 1457 
 1 2 1640 1457 
 1 2 1504 1457 
 1 2 1674 1458 
 1 2 1657 1458 
 1 2 1656 1458 
 1 2 1595 1458 
 1 2 1630 1459 
 1 2 1558 1459 
 1 2 1658 1460 
 1 2 1516 1460 
 1 2 1601 1461 
 1 2 1721 1462 
 1 2 1702 1464 
 1 2 1682 1464 
 1 2 1676 1464 
 1 2 1483 1465 
 1 2 1482 1465 
 1 2 1481 1465 
 1 2 1664 1466 
 1 2 1552 1466 
 1 2 1581 1467 
 1 2 1547 1467 
 1 2 1544 1467 
 1 2 1543 1467 
 1 2 1579 1468 
 1 2 1575 1468 
 1 2 1670 1469 
 1 2 1489 1469 
 1 2 1484 1469 
 1 2 1483 1469 
 1 2 1587 1470 
 1 2 1538 1470 
 1 2 1551 1471 
 1 2 1705 1472 
 1 2 1693 1472 
 1 2 1606 1473 
 1 2 1628 1474 
 1 2 1627 1474 
 1 2 1626 1474 
 1 2 1625 1474 
 1 2 1615 1475 
 1 2 1590 1475 
 1 2 1536 1475 
 1 2 1530 1475 
 1 2 1539 1476 
 1 2 1480 1476 
 1 2 1477 1476 
 1 2 1539 1477 
 1 2 1478 1477 
 1 2 1685 1479 
 1 2 1681 1479 
 1 2 1678 1479 
 1 2 1646 1479 
 1 2 1714 1480 
 1 2 1539 1480 
 1 2 1538 1480 
 1 2 1514 1480 
 1 2 1485 1481 
 1 2 1483 1481 
 1 2 1483 1482 
 1 2 1487 1484 
 1 2 1670 1485 
 1 2 1670 1487 
 1 2 1670 1489 
 1 2 1495 1494 
 1 2 1691 1496 
 1 2 1696 1497 
 1 2 1564 1497 
 1 2 1563 1497 
 1 2 1648 1498 
 1 2 1552 1498 
 1 2 1696 1499 
 1 2 1688 1499 
 1 2 1604 1500 
 1 2 1603 1500 
 1 2 1588 1500 
 1 2 1678 1502 
 1 2 1612 1502 
 1 2 1546 1503 
 1 2 1648 1509 
 1 2 1688 1510 
 1 2 1614 1510 
 1 2 1594 1510 
 1 2 1513 1512 
 1 2 1636 1515 
 1 2 1631 1515 
 1 2 1658 1516 
 1 2 1643 1516 
 1 2 1601 1516 
 1 2 1605 1517 
 1 2 1524 1518 
 1 2 1669 1519 
 1 2 1650 1520 
 1 2 1662 1521 
 1 2 1605 1522 
 1 2 1604 1522 
 1 2 1602 1522 
 1 2 1602 1526 
 1 2 1656 1527 
 1 2 1659 1529 
 1 2 1589 1530 
 1 2 1536 1530 
 1 2 1691 1531 
 1 2 1573 1531 
 1 2 1684 1533 
 1 2 1650 1533 
 1 2 1621 1533 
 1 2 1662 1535 
 1 2 1654 1537 
 1 2 1609 1537 
 1 2 1618 1541 
 1 2 1569 1541 
 1 2 1681 1542 
 1 2 1546 1543 
 1 2 1546 1544 
 1 2 1548 1545 
 1 2 1718 1546 
 1 2 1549 1546 
 1 2 1576 1550 
 1 2 1597 1551 
 1 2 1585 1552 
 1 2 1682 1553 
 1 2 1637 1554 
 1 2 1607 1556 
 1 2 1674 1557 
 1 2 1658 1557 
 1 2 1583 1560 
 1 2 1655 1561 
 1 2 1578 1565 
 1 2 1573 1565 
 1 2 1572 1566 
 1 2 1708 1567 
 1 2 1683 1567 
 1 2 1568 1567 
 1 2 1683 1568 
 1 2 1692 1569 
 1 2 1618 1569 
 1 2 1671 1571 
 1 2 1652 1571 
 1 2 1703 1572 
 1 2 1578 1573 
 1 2 1578 1574 
 1 2 1690 1575 
 1 2 1579 1575 
 1 2 1576 1575 
 1 2 1647 1580 
 1 2 1584 1583 
 1 2 1674 1584 
 1 2 1659 1584 
 1 2 1641 1584 
 1 2 1648 1585 
 1 2 1647 1585 
 1 2 1629 1585 
 1 2 1587 1586 
 1 2 1613 1588 
 1 2 1602 1588 
 1 2 1659 1591 
 1 2 1678 1592 
 1 2 1644 1593 
 1 2 1594 1593 
 1 2 1721 1595 
 1 2 1597 1596 
 1 2 1657 1599 
 1 2 1646 1600 
 1 2 1642 1601 
 1 2 1700 1602 
 1 2 1700 1605 
 1 2 1639 1607 
 1 2 1635 1607 
 1 2 1633 1607 
 1 2 1684 1608 
 1 2 1657 1609 
 1 2 1689 1614 
 1 2 1674 1615 
 1 2 1652 1615 
 1 2 1706 1616 
 1 2 1697 1616 
 1 2 1641 1616 
 1 2 1636 1619 
 1 2 1677 1620 
 1 2 1650 1621 
 1 2 1623 1622 
 1 2 1697 1624 
 1 2 1629 1625 
 1 2 1627 1626 
 1 2 1629 1628 
 1 2 1665 1630 
 1 2 1660 1630 
 1 2 1634 1632 
 1 2 1664 1633 
 1 2 1639 1633 
 1 2 1638 1633 
 1 2 1639 1635 
 1 2 1636 1635 
 1 2 1643 1641 
 1 2 1643 1642 
 1 2 1674 1643 
 1 2 1717 1653 
 1 2 1655 1654 
 1 2 1657 1655 
 1 2 1700 1663 
 1 2 1665 1664 
 1 2 1711 1674 
 1 2 1686 1681 
 1 2 1712 1686 
 1 2 1713 1689 
 1 2 1722 1721 
1
1
1
1
1
1
1
1
1
1
1
1
1
1
1
1
1
1
1
1
1
1
1
1
1
1
1
1
1
1
1
1
1
1
1
1
1
1
1
1
1
1
1
1
1
1
1
1
1
1
1
1
1
1
1
1
1
1
1
1
1
1
1
1
1
1
1
1
1
1
1
1
1
1
1
1
1
1
1
1
1
1
1
1
1
1
1
1
1
1
1
1
1
1
1
1
1
1
1
1
1
1
1
1
1
1
1
1
1
1
1
1
1
1
1
1
1
1
1
1
1
1
1
1
1
1
1
1
1
1
1
1
1
1
1
1
1
1
1
1
1
1
1
1
1
1
1
1
1
1
1
1
1
1
1
1
1
1
1
1
1
1
1
1
1
1
1
1
1
1
1
1
1
1
1
1
1
1
1
1
1
1
1
1
1
1
1
1
1
1
1
1
1
1
1
1
1
1
1
1
1
1
1
1
1
1
1
1
1
1
1
1
1
1
1
1
1
1
1
1
1
1
1
1
1
1
1
1
1
1
1
1
1
1
1
1
1
1
1
1
1
1
1
1
1
1
1
1
1
1
1
1
1
1
1
1
1
1
1
1
1
1
1
1
1
1
1
1
1
1
1
1
1
1
1
1
1
1
1
1
1
1
1
1
1
1
1
1
1
1
1
1
1
1
1
1
1
1
1
1
1
1
1
1
1
1
1
1
1
1
1
1
1
1
1
1
1
1
1
1
1
1
1
1
1
1
1
1
1
1
1
1
1
1
1
1
1
1
1
1
1
1
1
1
1
1
1
1
1
1
1
1
1
1
1
1
1
1
1
1
1
1
1
1
1
1
1
1
1
1
1
1
1
1
1
1
1
1
1
1
1
1
1
1
1
1
1
1
1
1
1
1
1
1
1
1
1
1
1
1
1
1
1
1
1
1
1
1
1
1
1
1
1
1
1
1
1
1
1
1
1
1
1
1
1
1
1
1
1
1
1
1
1
1
1
1
1
1
1
1
1
1
1
1
1
1
1
1
1
1
1
1
1
1
1
1
1
1
1
1
1
1
1
1
1
1
1
1
1
1
1
1
1
1
1
1
1
1
1
1
1
1
1
1
1
1
1
1
1
1
1
1
1
1
1
1
1
1
1
1
1
1
1
1
1
1
1
1
1
1
1
1
1
1
1
1
1
1
1
1
1
1
1
1
1
1
1
1
1
1
1
1
1
1
1
1
1
1
1
1
1
1
1
1
1
1
1
1
1
1
1
1
1
1
1
1
1
1
1
1
1
1
1
1
1
1
1
1
1
1
1
1
1
1
1
1
1
1
1
1
1
1
1
1
1
1
1
1
1
1
1
1
1
1
1
1
1
1
1
1
1
1
1
1
1
1
1
1
1
1
1
1
1
1
1
1
1
1
1
1
1
1
1
1
1
1
1
1
1
1
1
1
1
1
1
1
1
1
1
1
1
1
1
1
1
1
1
1
1
1
1
1
1
1
1
1
1
1
1
1
1
1
1
1
1
1
1
1
1
1
1
1
1
1
1
1
1
1
1
1
1
1
1
1
1
1
1
1
1
1
1
1
1
1
1
1
1
1
1
1
1
1
1
1
1
1
1
1
1
1
1
1
1
1
1
1
1
1
1
1
1
1
1
1
1
1
1
1
1
1
1
1
1
1
1
1
1
1
1
1
1
1
1
1
1
1
1
1
1
1
1
1
1
1
1
1
1
1
1
1
1
1
1
1
1
1
1
1
1
1
1
1
1
1
1
1
1
1
1
1
1
1
1
1
1
1
1
1
1
1
1
1
1
1
1
1
1
1
1
1
1
1
1
1
1
1
1
1
1
1
1
1
1
1
1
1
1
1
1
1
1
1
1
1
1
1
1
1
1
1
1
1
1
1
1
1
1
1
1
1
1
1
1
1
1
1
1
1
1
1
1
1
1
1
1
1
1
1
1
1
1
1
1
1
1
1
1
1
1
1
1
1
1
1
1
1
1
1
1
1
1
1
1
1
1
1
1
1
1
1
1
1
1
1
1
1
1
1
1
1
1
1
1
1
1
1
1
1
1
1
1
1
1
1
1
1
1
1
1
1
1
1
1
1
1
1
1
1
1
1
1
1
1
1
1
1
1
1
1
1
1
1
1
1
1
1
1
1
1
1
1
1
1
1
1
1
1
1
1
1
1
1
1
1
1
1
1
1
1
1
1
1
1
1
1
1
1
1
1
1
1
1
1
1
1
1
1
1
1
1
1
1
1
1
1
1
1
1
1
1
1
1
1
1
1
1
1
1
1
1
1
1
1
1
1
1
1
1
1
1
1
1
1
1
1
1
1
1
1
1
1
1
1
1
1
1
1
1
1
1
1
1
1
1
1
1
1
1
1
1
1
1
1
1
1
1
1
1
1
1
1
1
1
1
1
1
1
1
1
1
1
1
1
1
1
1
1
1
1
1
1
1
1
1
1
1
1
1
1
1
1
1
1
1
1
1
1
1
1
1
1
1
1
1
1
1
1
1
1
1
1
1
1
1
1
1
1
1
1
1
1
1
1
1
1
1
1
1
1
1
1
1
1
1
1
1
1
1
1
1
1
1
1
1
1
1
1
1
1
1
1
1
1
1
1
1
1
1
1
1
1
1
1
1
1
1
1
1
1
1
1
1
1
1
1
1
1
1
1
1
1
1
1
1
1
1
1
1
1
1
1
1
1
1
1
1
1
1
1
1
1
1
1
1
1
1
1
1
1
1
1
1
1
1
1
1
1
1
1
1
1
1
1
1
1
1
1
1
1
1
1
1
1
1
1
1
1
1
1
1
1
1
1
1
1
1
1
1
1
1
1
1
1
1
1
1
1
1
1
1
1
1
1
1
1
1
1
1
1
1
1
1
1
1
1
1
1
1
1
1
1
1
1
1
1
1
1
1
1
1
1
1
1
1
1
1
1
1
1
1
1
1
1
1
1
1
1
1
1
1
1
1
1
1
1
1
1
1
1
1
1
1
1
1
1
1
1
1
1
1
1
1
1
1
1
1
1
1
1
1
1
1
1
1
1
1
1
1
1
1
1
1
1
1
1
1
1
1
1
1
1
1
1
1
1
1
1
1
1
1
1
1
1
1
1
1
1
1
1
1
1
1
1
1
1
1
1
1
1
1
1
1
1
1
1
1
1
1
1
1
1
1
1
1
1
1
1
1
1
1
1
1
1
1
1
1
1
1
1
1
1
1
1
1
1
1
1
1
1
1
1
1
1
1
1
1
1
1
1
1
1
1
1
1
1
1
1
1
1
1
1
1
1
1
1
1
1
1
1
1
1
1
1
1
1
1
1
1
1
1
1
1
1
1
1
1
1
1
1
1
1
1
1
1
1
1
1
1
1
1
1
1
1
1
1
1
1
1
1
1
1
1
1
1
1
1
1
1
1
1
1
1
1
1
1
1
1
1
1
1
1
1
1
1
1
1
1
1
1
1
1
1
1
1
1
1
1
1
1
1
1
1
1
1
1
1
1
1
1
1
1
1
1
1
1
1
1
1
1
1
1
1
1
1
1
1
1
1
1
1
1
1
1
1
1
1
1
1
1
1
1
1
1
1
1
1
1
1
1
1
1
1
1
1
1
1
1
1
1
1
1
1
1
1
1
1
1
1
1
1
1
1
1
1
1
1
1
1
1
1
1
1
1
1
1
1
1
1
1
1
1
1
1
1
1
1
1
1
1
1
1
1
1
1
1
1
1
1
1
1
1
1
1
1
1
1
1
1
1
1
1
1
1
1
1
1
1
1
1
1
1
1
1
1
1
1
1
1
1
1
1
1
1
1
1
1
1
1
1
1
1
1
1
1
1
1
1
1
1
1
1
1
1
1
1
1
1
1
1
1
1
1
1
1
1
1
1
1
1
1
1
1
1